SampleID	TG(26:0/18:1/18:2)	DG(22:1/18:2)	DG(18:1/22:1)	TG(18:1/22:1/24:1)	TG(18:1/18:2/22:1)	TG(18:1/18:2/22:0)	TG(22:1/18:2/22:1)	SM(d34:1)	TG(18:1/22:1/24:0)	TG(24:4/16:0/18:1)
CP_01	-0.505574305988734	-0.141432235025331	-0.407152539941075	-0.404038994790262	-0.71164925200913	-0.563554924111667	0.131392602860001	-0.041721419539215	-0.26352156116082	-0.360458529278632
CP_02	0.010675531653086	-0.396689952309751	0.227622659724337	-0.076196153925252	0.270242730161879	0.274010626278183	-0.364575827331705	-0.129770343503783	0.21987801881605	-0.42176624630905
CP_03	-0.623119305290308	-0.422520929079223	-0.549228009499684	-0.5402610395424	-0.720544578412987	-0.594078852065336	-0.188427863714842	-0.0834651153363801	-0.41717183286955	-0.662692406854438
CP_04	-1.35057920142472	-0.0971916439978692	-0.149360085621975	-1.73839750940638	-1.57479690522853	-1.10171912770219	-1.92405971388422	0.137297157530052	-1.89377039746741	-0.391125789285402
CP_05	-0.670852125635018	-0.368176634574797	-0.974773592515457	-0.643179075929873	-0.581630016299171	-0.790136710310587	-0.703322836076983	0.0117248901281234	-0.488138662457925	-0.348925882522829
CP_06	-0.337663490984051	-0.870916343350707	-0.994034190318783	-0.513824261406453	-0.837679039642182	-1.07743235439475	-0.778490937099953	0.340768559646357	-1.07181040379896	-0.827668307955988
CP_07	-0.172245788235943	-0.179639037657204	-0.564042443758078	-0.0979437079583182	-0.0821176306584909	-0.315968724094522	0.00776995722844985	-0.842527032548315	-0.0037563114781059	-0.328478382839994
CP_08	-0.731174035640004	-0.759765898325234	-1.49864520199389	-0.421476720425906	-0.633553026451279	-0.898570726536581	-0.439336916241757	-0.0284444783192043	-0.317096895548807	-0.147390328373609
CP_09	-0.299773193596485	-0.266723863408765	-0.657486403928875	-0.117994357838052	-0.410906887249695	-0.297038631855506	0.135559245436234	-0.761613296081107	0.226069683925833	0.0131108261676659
CP_10	-0.244314814035136	0.00727820523910765	-0.0564132894253237	-0.295829946448193	-0.188538319419681	-0.180218832635002	-0.0832916630021391	-0.240391838763528	-0.232974352848758	0.169747875762269
CP_11	-0.948268539907624	-1.00767922166762	-0.932558820866902	-0.972980849983363	-1.12432210389094	-1.21740696598026	-1.27101329183588	-0.154575625795464	-1.09277804426299	-0.77696772101796
CP_12	-0.74638244003576	-0.966199008463193	-1.1797763587572	-0.85795985920168	-0.86015068239088	-0.919194279574025	-0.282712048285409	-0.199986698677001	-0.812738910202697	-0.475153266542186
CP_13	-0.543657798257188	-0.669945510769692	-0.858988088950364	-0.456396455993253	-0.527359199273609	-0.821870799054155	-0.410032707855574	-0.119779495852526	-0.449068070002852	-0.757320814087236
CP_14	0.418859095657217	-0.120516320460546	0.913842779683776	0.372809539092095	0.78440284626406	0.821199069228962	0.0321583139262889	-0.384963479065633	0.69511959896684	0.318388508012285
CP_15	0.190535446181705	0.519813632616962	0.697639734062224	0.387420775226286	0.0369615463455531	0.39858656612067	-0.197230764100848	0.0827995796879747	0.158602279322012	-0.0526182631319898
CP_16	-0.744167252434138	-0.560997551573443	-1.15472614988236	-0.68305062797674	-0.677363950032204	-0.992839351937638	-1.23160190428896	-0.327919244036263	-0.602217935019792	-0.28204850194157
CP_17	-0.26201742504585	-0.151075351895201	-0.403848653271032	-0.209714364009284	-0.341952886374833	-0.427876998085311	-0.349015976395198	-0.471546914005642	-0.120349615029263	-0.233222234431636
CP_18	-0.846870844107764	-1.10410786049929	-0.846613960133472	-0.774465661080344	-0.921869122250776	-1.00087151141923	-1.18570265182969	0.332688059238541	-0.957506806543082	-0.850975761803364
CP_19	-0.320239058444365	-1.39086945030424	-0.501345197110836	-0.505368442889626	-0.789820033761457	-0.90246863758604	-0.81062049954192394	0.374615906193531	-0.884471237126488	-1.05621108808606
CP_20	-0.923227831748011	-0.137580486075874	0.0947059470655197	-0.946746232959475	-0.631757036728042	-0.692798123724551	-1.39223569696417	-0.698641585235178	-1.03032751588004	-0.00626934774029852
CP_21	-0.511504431314969	-1.03902435212947	-0.707687143373067	-0.556025967382717	-0.64164970425345	-0.913344916054633	-0.439872641231791	-0.757182824821612	-0.756154089490299	-0.807305859229218
CP_22	-0.471198496913193	0.684944080094257	0.223365247756251	-0.399921400289207	0.393039169408456	0.0189291398333324	-0.305117786763714	-0.396322512101756	-1.00898436046414	0.122358902894291
CP_23	-0.471198496913193	0.684944080094257	0.223365247756251	-0.399921400289207	0.393039169408456	0.0189291398333324	-0.305117786763714	-0.396322512101756	-1.00898436046414	0.122358902894291
CP_24	-0.416301463449481	0.705006406322147	0.182171071700537	-0.272245569045745	0.352165782355948	0.0193472028537714	-0.363808839246427	-0.280369217556045	-0.983635628889326	0.157286884841427
CP_25	-0.313598905468113	-0.0969214449521245	-0.204604621239273	-0.302529609194917	-0.17573268844249	-0.126248612457849	-0.641561455311863	-0.791567996018175	-0.559005850460553	-0.53395922149713
CP_26	-0.119048685632841	-0.365046337335808	-0.118300735467335	0.296385881296305	-0.144942182479467	-0.126170173445838	0.134571364216814	-0.806983921461427	0.554270202317234	-0.0683818684288801
CP_27	0.294240999276749	-0.43579203261821	0.748038970084271	0.45497470553663	0.530182676989405	0.374810347089938	0.497501518707243	-0.198914018731515	0.521291172630794	-0.272192544605039
CP_28	-1.16501986044288	-0.16384448646581	-0.569834791963334	-1.50143747730602	-0.869040487517611	-0.969620731176553	-1.20169374930511	-0.776699184479625	-1.89678990439343	-1.40091010177023
CP_29	-0.974508942558803	-0.864065272364641	-0.516965102300714	-0.78849447968841	-0.933851194433115	-0.970097005103385	-0.775654042620345	-0.917024802317284	-0.797848305397092	-1.07017848076066
CP_30	-0.574767809028731	-0.877850944796764	-1.13677882371178	-0.475596546964128	-0.909029132114467	-0.89012765573382	-0.261472329886799	-0.632276231886273	-0.612110214566432	-0.994433771371414
CP_31	-0.574767809028731	-0.877850944796764	-1.13677882371178	-0.475596546964128	-0.909029132114467	-0.89012765573382	-0.261472329886799	-0.632276231886273	-0.612110214566432	-0.994433771371414
CP_32	-0.0423325508626485	0.362039982817671	0.523560503730962	-0.160611073524585	0.107086674314394	0.357108164922051	0.384018372745846	-1.04104257200106	-0.459948814329767	-0.617011256564569
CP_33	-0.189269831975314	-0.0947425745967364	-0.104303403630408	-0.26008803608527	-0.137051511112375	-0.0222407879098679	0.367057127820438	-0.854359257054454	-0.134579116877182	0.0832036599297015
CP_34	-0.726415827859805	-0.474727551978792	-0.408022450915776	-0.649513926867105	-0.706304473800178	-0.803028394615644	-0.860495538803241	-1.72721157156693	-0.784878454306375	-0.295711493750635
CP_35	1.50128357416222	0.468108546698446	1.72572963314176	1.30298401694173	1.09108558918637	1.46627894518837	0.989870908567654	-1.46568308305029	2.15345099040304	0.330298929683752
CP_36	-0.424728716134009	-0.321385190178035	-0.494037001164789	-0.201400434475568	-0.617727756027494	-0.455133157885618	0.00859731301239983	-1.82230657851367	0.281519141159712	-0.0998095253003264
CP_37	-0.714694852159694	-0.531120644170122	-0.422343594186281	-0.502283678336594	-0.748321392335764	-0.873080876476258	-0.697616469663931	-0.365729899194506	-0.286108920308221	-0.531072654801408
CPR_01	1.99344824364495	1.79512327079009	1.65050115787397	1.9074761491032	1.90592729006243	1.74566493271295	1.94733336410429	1.37469092056463	1.82666561290437	1.90607152616817
CPR_02	1.34765796116196	1.84530632274297	1.60461278725214	0.777824854368369	1.92309825798375	1.60921069123603	1.61617271738643	0.74671733024318	0.230821445306904	2.10437668440852
CPR_03	1.48803208183802	2.28298827355906	2.1918700215889	0.998552542563477	1.78817984244231	1.69199293990131	1.54437311566901	1.06058518647234	0.587611801963307	1.69654928692809
CPR_04	1.75871026008764	2.20278492279755	2.04491986854883	1.33782418016936	2.04503209121187	1.84339666509738	1.72426886106453	1.41082210075736	0.905442304714558	2.26468008062194
CPR_05	1.69633685926291	1.22146643520601	1.3431351203638	1.5794128847346	1.49014355040244	1.57913204662294	1.6448266594431	0.768023713846004	1.50880655894155	1.18914887363828
CPR_06	1.38678646878507	0.65090735969603	0.856576106023733	1.2108357097231	1.33219108012152	1.41359224549841	1.11758849587089	1.38615389224327	1.18951414683409	1.0982680253877
CPR_07	2.334331089514	2.02408136565569	1.96858246569482	2.28383940692663	2.33686188964566	2.15545430354592	2.36911409667194	1.47183307651271	2.11545211949652	2.54651991562711
CPR_08	2.20456088823972	2.34404643238353	2.25294820637762	2.024963809223	2.24111849319552	2.04666766268153	2.12093575454542	1.2665520705628	1.75349889838613	2.43956514584181
CPR_09	1.19321309780497	0.844564139849483	0.979345139468008	1.05770117618895	1.16591837369405	1.20821512653821	0.906584742042772	1.91102748470184	0.91710898166519506	1.01285369061814
CPR_10	2.30340044570824	1.88987269747992	1.8790957381308	2.26567413187564	2.17210625965518	1.9845751268649	2.43674067273037	1.15490993246536	2.14939784291919	2.36495398886847
CPR_11	1.21333746411691	0.777279563917965	0.808485843286432	1.06386007566331	1.01888893982144	1.04614670113856	1.05151811740079	1.53406153412091	0.960478363298555	0.86539627762439
CPR_12	2.24901502896312	1.70347794908952	1.73230168800792	2.17356672324466	2.11443590242943	1.97247889994645	2.24573134364719	2.42671453809989	2.08851930448755	2.3478143934618
CPR_13	1.13355503199918	0.738397240858252	0.833522669698816	1.14072625613032	0.7718002799467	0.939343644198781	0.730627402531495	1.43363171304967	1.27852960258742	0.666537650698364
CPR_14	2.07214212266813	2.13859465507905	2.08778117799072	1.83452265969418	2.10614209604418	1.99150466853702	2.1560834814761	1.00964139497504	1.54031059239669	2.28225950062749
CPR_15	1.76110879365158	2.18022699180728	2.06227179407896	1.41982459031587	1.9858547457768	1.88596549798288	1.77789636893036	1.79271304025844	1.07563801661622	2.02699634763478
CPR_16	-0.319407336310221	-0.0041665618852224	-0.0766016336888514	-0.0293164316798182	-0.381318471222737	-0.14881600611059	-0.739486147328606	1.30760178405321	0.140516877713524	-0.611452607481738
CPR_17	1.04480005210902	1.09249199660182	1.0021917217293	1.16600805158619	0.936146232129256	1.07426280273951	0.911267385587395	1.88935530202953	1.22706950415269	0.92411652320049
CPR_18	1.42214429464852	1.42844855649451	1.45812859531973	1.39613798440159	1.42494016557656	1.50891920003337	1.37500245794919	2.28352718809785	1.31029921875413	1.33801739873206
